#!/bin/bash
a=( -5 -8 -10 -5 -8 -9 -7 -8 -6 -10 -6 0 -10 -6 -7 -3 4 2 1 4 2 6 4 3 4 2 5 7 1 6 5 1)
b=( -1 -4 -10 -7 8 4 -2 1 -9 5 -5 9 8 -3 -9 -7 0 0 -2 -6 6 6 -2 3 -1 8 7 -3 -10 -6 9 -4)
c=( -1 -4 -10 -7 8 4 -2 1 -2 6 -9 -4 6 8 1 6 0 0 -2 -6 6 6 -2 3 0 0 -3 -7 9 5 1 9)
d=( 8 0 -3 -5 0 0 -4 -2 9 6 -8 -4 2 4 -7 -10 8 5 -1 -6 3 0 -7 -4 9 1 -2 -1 5 3 -8 -3)
e=( -9 3 -8 8 -6 0 0 1 -7 -7 -5 5 7 6 -1 5 -7 4 -1 8 -1 -4 -3 8 3 9 -10 8 -5 2 -3 2)
f=( -2 -2 5 5 -1 -5 5 -5 2 -8 6 4 8 -5 7 0 -7 1 8 -3 -1 -9 3 -2 9 7 -1 7 3 -10 2 0)
w=( 0 0 0 1 0 0 0 1 0 0 0 1 0 0 0 1 0 0 0 1 0 0 0 1 0 0 0 1 1 1 1 1)
for ind in `seq 0 31`; do
  out=`./loglabv1 ${a[$ind]} ${b[$ind]} ${c[$ind]} ${d[$ind]} ${e[$ind]} ${f[$ind]}`
  if [ "$out" != "${w[ind]}" ]
  then
    echo "input" ${a[$ind]} ${b[$ind]} ${c[$ind]} ${d[$ind]} ${e[$ind]} ${f[$ind]} 
    echo "output actual" $out
    echo "output expected" ${w[$ind]}
  fi
done
